1951 23388
1952 23690
1953 24032
1954 24177
1955 24454
1956 24598
1957 24692
1958 24811
1959 25114
1960 25405
1961 25550
1962 25937
1963 25970
1964 26089
1965 26290
1966 26389
1967 26525
1968 26588
1969 26689
1970 26694
1971 26687
1972 27024
1973 26958
1974 27182
1975 27124
1976 27082
1977 27056
1978 26979
1979 26810
1980 26696
1981 26528
1982 26361
1983 26219
1984 26050
1985 25876
1986 25844
1987 25807
1988 25848
1989 25841
1990 25816
1991 25852
1992 25831
1993 25896
1994 25908
1995 25953
1996 26021
1997 26162
1998 26417
1999 26523
2000 26733
2001 27133
2002 27204
2003 27438
2004 27464
2005 27582
2006 27722
2007 27835
2008 28092
2009 28389
2010 28776
2011 29220
2012 29543
2013 29880
2014 30132
2015 30328
2016 30544
2017 30790
2018 31037
2019 31177
2020 31373
2021 31387
2022 31444
2023 31730
2024 31935